4294967279,134
4294967279,133
4294967278,264
4294967279,263
4294967279,262
4294967278,262
4294967278,261
4294967279,259
4294967278,259
4294967279,258
4294967278,258
4294967279,256
4294967279,255
4294967278,255
4294967279,254
62,4
4294967278,254
62,3
62,2
62,1
4294967279,253
4294967278,253
4294967279,252
4294967278,252
4294967279,251
61,4
4294967278,251
61,3
61,2
61,1
4294967279,250
4294967294,408
4294967294,404
4294967294,412
4294967294,414
4294967294,416
4294967294,410
4294967278,250
4294967279,248
4294967279,247
4294967278,247
4294967279,246
60,4
4294967278,246
60,3
60,2
60,1
4294967279,245
4294967278,245
4294967279,244
4294967279,243
4294967278,243
4294967279,242
59,4
4294967278,242
59,3
59,2
59,1
4294967279,241
4294967278,241
4294967279,239
4294967279,238
4294967278,238
4294967279,304
58,4
4294967278,305
58,3
58,2
58,1
4294967279,235
4294967294,1249
4294967278,235
4294967279,234
4294967279,233
4294967278,233
4294967279,232
57,4
4294967278,232
57,3
57,2
57,1
4294967279,231
4294967294,641
4294967294,83
4294967278,231
4294967279,230
4294967279,229
30,3
4294967278,229
29,3
4294967279,228
4294967278,228
4294967294,89
4294967279,227
56,4
4294967278,227
56,3
56,2
56,1
4294967279,226
4294967278,226
4294967294,46
4294967278,224
4294967279,222
4294967278,221
4294967279,220
4294967278,220
55,4
4294967279,219
55,3
55,2
55,1
4294967278,219
0,7
4294967294,45
4294967294,44
4294967294,633
4294967294,2
4294967294,398
4294967294,29
4294967294,536
4294967279,218
4294967294,401
4294967294,1
4294967294,28
4294967294,107
4294967294,50
4294967294,92
4294967294,91
4294967294,90
4294967294,88
4294967294,87
4294967294,86
4294967294,85
4294967294,84
4294967294,396
4294967294,186
4294967294,53
4294967294,387
4294967294,96
4294967294,94
4294967279,216
4294967294,8
4294967294,392
4294967294,584
4294967294,453
4294967293,131
4294967293,130
4294967293,129
4294967293,128
4294967293,127
4294967293,126
4294967293,125
4294967293,124
4294967293,123
4294967293,122
4294967293,121
4294967293,120
4294967293,119
4294967293,118
4294967293,117
4294967293,116
4294967293,115
4294967293,114
4294967293,113
4294967293,112
4294967293,111
4294967293,110
4294967293,109
4294967293,108
4294967293,107
4294967293,106
4294967293,105
4294967293,104
4294967293,103
4294967293,102
4294967293,101
4294967293,100
4294967293,99
4294967293,98
4294967293,97
4294967293,96
4294967293,95
4294967293,94
4294967293,93
4294967293,92
4294967293,91
4294967293,90
4294967293,89
4294967293,87
4294967293,86
4294967293,85
4294967293,84
4294967293,83
4294967293,82
4294967293,81
4294967293,80
4294967293,79
4294967293,78
4294967293,77
4294967293,76
4294967293,75
4294967293,74
4294967293,73
4294967293,72
4294967293,71
4294967293,70
4294967293,69
4294967293,68
4294967293,67
4294967293,66
4294967293,65
4294967293,64
4294967293,63
4294967293,62
4294967293,61
4294967293,60
4294967293,59
4294967293,58
4294967293,57
4294967293,56
4294967293,55
4294967293,54
4294967293,53
4294967293,52
4294967293,51
4294967293,50
4294967293,49
4294967293,48
4294967293,47
4294967293,46
4294967293,45
4294967293,44
4294967293,43
4294967293,42
4294967293,41
4294967293,40
4294967293,39
4294967293,38
4294967293,37
4294967293,36
4294967293,35
4294967293,34
4294967293,33
4294967293,32
4294967293,31
4294967293,30
4294967293,29
4294967293,28
4294967293,27
4294967293,26
4294967293,25
4294967293,24
4294967293,23
4294967293,22
4294967293,21
4294967293,20
4294967293,19
4294967293,18
4294967293,17
4294967293,16
4294967293,15
4294967293,14
4294967293,13
4294967293,12
4294967293,11
4294967293,10
4294967293,9
4294967293,8
4294967293,7
4294967293,6
4294967293,5
4294967293,4
4294967293,3
4294967278,343
4294967278,132
4294967278,342
4294967278,341
4294967278,340
4294967278,339
4294967278,338
4294967278,337
4294967278,357
4294967278,237
4294967278,125
4294967278,236
4294967278,336
4294967278,335
4294967278,334
4294967278,333
4294967278,332
4294967278,119
4294967278,331
4294967278,330
4294967278,329
4294967278,356
4294967278,112
4294967278,328
4294967278,327
4294967278,326
4294967278,304
4294967278,105
4294967278,303
4294967278,302
4294967278,301
4294967278,102
4294967278,300
4294967278,299
4294967278,298
4294967278,99
4294967278,297
4294967278,98
4294967278,296
4294967278,97
4294967278,295
4294967278,96
4294967278,294
4294967278,95
4294967278,293
4294967278,292
4294967278,291
4294967278,92
4294967278,290
4294967278,202
4294967278,90
4294967278,201
4294967278,200
4294967278,87
4294967278,199
4294967278,198
4294967278,288
4294967278,84
4294967278,196
4294967278,195
4294967278,287
4294967278,193
4294967278,80
4294967278,192
4294967278,260
4294967278,285
4294967278,78
4294967278,190
4294967278,189
4294967278,76
4294967278,284
4294967278,283
4294967278,74
4294967278,282
4294967278,73
4294967278,281
4294967278,72
4294967278,280
4294967278,183
4294967278,70
4294967278,182
4294967278,279
4294967278,180
4294967278,67
4294967278,179
4294967278,278
4294967278,65
4294967278,177
4294967278,64
4294967278,176
4294967278,175
4294967278,62
4294967278,173
4294967278,61
4294967278,276
4294967278,60
4294967278,171
4294967278,170
4294967278,58
4294967278,275
4294967278,168
4294967278,167
4294967278,274
4294967278,273
4294967278,164
4294967278,163
4294967278,272
4294967278,161
4294967278,271
4294967278,174
4294967278,2
4294967278,88
4294967278,159
4294967278,47
4294967278,270
4294967278,46
4294967278,156
4294967278,45
4294967278,269
4294967278,44
4294967278,268
4294967278,43
4294967278,267
4294967278,266
4294967278,41
4294967278,353
4294967278,39
4294967278,352
4294967278,36
4294967278,351
4294967278,35
4294967278,360
4294967278,29
4294967278,0
4294967278,346
4294967278,137
4294967278,350
4294967278,23
4294967278,349
4294967278,20
4294967278,359
4294967278,16
4294967278,308
4294967278,358
4294967278,10
4294967278,307
4294967278,348
4294967278,8
4294967278,306
4294967278,7
4294967278,347
4294967278,6
4294967278,345
4294967278,5
4294967278,344
4294967278,4
4294967279,342
4294967279,130
4294967279,341
4294967279,127
4294967279,237
4294967279,126
4294967279,236
4294967279,340
4294967279,124
4294967279,373
4294967279,119
4294967279,339
4294967279,118
4294967279,338
4294967279,117
4294967279,337
4294967279,116
4294967279,336
4294967279,114
4294967279,335
4294967279,112
4294967279,334
4294967279,109
4294967279,333
4294967279,108
4294967279,332
4294967279,107
4294967279,303
4294967279,106
4294967279,302
4294967279,105
4294967279,301
4294967279,104
4294967279,300
4294967279,299
4294967279,102
4294967279,298
4294967279,297
4294967279,100
4294967279,296
4294967279,99
4294967279,295
4294967279,98
4294967279,294
4294967279,97
4294967279,293
4294967279,292
4294967279,95
4294967279,291
4294967279,204
4294967279,93
4294967279,203
4294967279,92
4294967279,202
4294967279,91
4294967279,289
4294967279,90
4294967279,288
4294967279,287
4294967279,286
4294967279,86
4294967279,197
4294967279,85
4294967279,196
4294967279,84
4294967279,285
4294967279,83
4294967279,194
4294967279,82
4294967279,193
4294967279,81
4294967279,284
4294967279,191
4294967279,79
4294967279,190
4294967279,78
4294967279,282
4294967279,188
4294967279,187
4294967279,75
4294967279,186
4294967279,74
4294967279,185
4294967279,73
4294967279,184
4294967279,72
4294967279,183
4294967279,71
4294967279,281
4294967279,181
4294967279,69
4294967279,180
4294967279,68
4294967279,279
4294967279,67
4294967279,178
4294967279,66
4294967279,177
4294967279,65
4294967279,278
4294967279,277
4294967279,63
4294967279,276
4294967279,62
4294967279,172
4294967279,61
4294967279,171
4294967279,60
4294967279,275
4294967279,59
4294967279,169
4294967279,58
4294967279,168
4294967279,57
4294967279,274
4294967279,166
4294967279,55
4294967279,165
4294967279,54
4294967279,164
4294967279,53
4294967279,272
4294967279,162
4294967279,51
4294967279,161
4294967279,50
4294967279,271
4294967279,270
4294967279,48
4294967279,158
4294967279,47
4294967279,269
4294967279,268
4294967279,45
4294967279,267
4294967279,44
4294967279,266
4294967279,265
4294967279,42
4294967279,372
4294967279,41
4294967279,40
4294967279,371
4294967279,39
4294967279,38
4294967279,374
4294967279,36
4294967279,370
4294967279,34
4294967279,369
4294967279,33
4294967279,368
4294967279,32
4294967279,367
4294967279,31
4294967279,366
4294967279,30
4294967279,365
4294967279,29
4294967279,364
4294967279,28
4294967279,363
4294967279,27
4294967279,174
4294967279,2
4294967279,137
4294967279,26
4294967279,362
4294967279,25
4294967279,361
4294967279,24
4294967279,360
4294967279,23
4294967279,359
4294967279,22
4294967279,358
4294967279,21
4294967279,357
4294967279,20
4294967279,356
4294967279,19
4294967279,355
4294967279,18
4294967279,354
4294967279,17
4294967279,353
4294967279,16
4294967279,352
4294967279,15
4294967279,351
4294967279,14
4294967279,350
4294967279,13
4294967279,349
4294967279,12
4294967279,260
4294967279,307
4294967279,11
4294967279,0
4294967279,346
4294967279,347
4294967279,10
4294967279,345
4294967279,9
4294967279,306
4294967279,305
4294967279,344
4294967279,6
4294967279,343
4294967279,4
4294967294,167
4294967294,161
4294967294,180
4294967294,175
4294967294,176
4294967294,12
4294967294,179
4294967294,27
4294967294,160
4294967294,25
4294967294,189
4294967294,7
4294967294,93
4294967294,95
4294967294,22
4294967294,521
4294967294,51
4294967294,446
0,5
4294967279,214
4294967278,214
4294967279,213
4294967294,5
4294967294,6
4294967294,81
4294967294,190
4294967294,68
4294967294,11
4294967294,17
4294967294,42
4294967294,67
4294967294,99
4294967294,76
4294967294,41
4294967294,115
4294967294,43
4294967294,391
4294967294,116
4294967294,168
4294967294,162
4294967294,166
4294967294,24
4294967294,184
4294967294,26
4294967294,188
4294967294,185
4294967294,82
4294967294,1112
4294967294,550
21,0
4294967294,549
4294967294,895
4294967294,661
4294967294,187
4294967294,652
4294967294,886
4294967294,385
4294967294,646
4294967294,648
4294967294,567
4294967294,658
4294967294,651
4294967294,570
4294967294,532
4294967294,183
4294967294,845
4294967294,572
4294967294,563
4294967294,558
4294967294,568
4294967294,707
4294967294,888
4294967294,891
4294967294,1273
4294967294,842
4294967294,879
4294967294,1277
4294967294,844
4294967294,59
4294967294,58
4243767290,0
4294967294,1248
4294967294,889
4294967294,462
4294967294,461
4294967294,460
4294967294,1247
4294967294,459
4294967294,458
4294967294,457
4294967279,96
4294967294,363
4294967294,362
4294967294,361
4294967294,360
4294967294,359
4294967294,358
4294967294,357
4294967294,356
4294967294,355
4294967294,354
4294967294,353
4294967294,352
4294967294,351
4294967294,350
4294967294,349
4294967294,348
4294967294,347
4294967294,4
4294967279,94
31,2
31,1
30,2
30,1
29,2
29,1
4294967279,89
4294967294,846
4294967279,70
4294967279,88
4294967294,1246
4294967294,1245
4294967279,407
4294967294,1244
4294967294,1243
4294967294,1242
4294967279,406
4294967294,1241
4294967294,1240
4294967294,1238
4294967294,1239
4294967294,1231
4294967294,1237
4294967294,1236
4294967294,1230
4294967294,1235
4294967279,405
4294967294,1234
4294967294,1233
4294967294,1125
4294967294,1228
4294967294,1781
4294967294,1780
4294967294,1779
4294967294,1778
4294967294,1777
4294967294,1776
4294967294,1775
4294967294,1774
4294967294,1773
4294967294,1772
4294967294,1771
4294967294,1770
4294967294,1769
4294967294,1768
4294967294,1767
4294967294,1766
4294967294,1765
4294967294,1764
4294967294,1763
4294967294,1762
4294967294,1761
4294967294,1760
4294967294,1759
4294967294,1758
4294967294,1757
4294967294,1756
4294967294,1755
4294967294,1227
4294967294,1139
4294967294,1754
4294967294,1226
4294967294,1753
4294967294,1138
4294967294,1752
4294967294,1751
4294967294,1750
4294967294,1749
4294967294,1748
4294967294,1747
4294967294,1746
4294967294,1745
4294967294,1744
4294967294,1743
4294967294,1742
4294967294,1741
4294967294,1740
4294967294,1739
4294967294,1738
